ID	lgth	out	in	long_cov	short1_cov	short1_Ocov	short2_cov	short2_Ocov	long_nb	short1_nb	short2_nb
1	126	0	0	0.000000	1.285714	1.285714	0.000000	0.000000	0	0	0
2	116	0	0	0.000000	1.620690	1.620690	0.000000	0.000000	0	0	0
3	70	0	0	0.000000	1.700000	1.700000	0.000000	0.000000	0	0	0
4	74	0	0	0.000000	1.162162	1.162162	0.000000	0.000000	0	0	0
5	169	0	0	0.000000	2.792899	2.792899	0.000000	0.000000	0	0	0
6	70	0	0	0.000000	2.842857	2.842857	0.000000	0.000000	0	0	0
7	231	0	0	0.000000	2.121212	2.121212	0.000000	0.000000	0	0	0
8	131	0	0	0.000000	2.137405	2.137405	0.000000	0.000000	0	0	0
9	122	0	0	0.000000	2.147541	2.147541	0.000000	0.000000	0	0	0
10	86	0	0	0.000000	1.476744	1.476744	0.000000	0.000000	0	0	0
11	190	0	0	0.000000	1.473684	1.473684	0.000000	0.000000	0	0	0
12	184	0	0	0.000000	2.103261	2.103261	0.000000	0.000000	0	0	0
13	91	0	0	0.000000	1.956044	1.956044	0.000000	0.000000	0	0	0
14	88	0	0	0.000000	1.522727	1.522727	0.000000	0.000000	0	0	0
15	681	0	0	0.000000	3.446402	3.368576	0.000000	0.000000	0	0	0
16	65	0	0	0.000000	1.646154	1.646154	0.000000	0.000000	0	0	0
17	221	0	0	0.000000	2.117647	2.117647	0.000000	0.000000	0	0	0
18	125	0	0	0.000000	2.760000	2.760000	0.000000	0.000000	0	0	0
19	229	0	0	0.000000	2.082969	2.082969	0.000000	0.000000	0	0	0
20	73	0	0	0.000000	1.808219	1.808219	0.000000	0.000000	0	0	0
21	117	0	0	0.000000	1.581197	1.581197	0.000000	0.000000	0	0	0
22	104	0	0	0.000000	1.759615	1.759615	0.000000	0.000000	0	0	0
23	65	0	0	0.000000	2.046154	2.046154	0.000000	0.000000	0	0	0
24	129	0	0	0.000000	1.503876	1.503876	0.000000	0.000000	0	0	0
25	152	0	0	0.000000	1.618421	1.618421	0.000000	0.000000	0	0	0
26	152	0	0	0.000000	2.289474	2.289474	0.000000	0.000000	0	0	0
27	199	0	0	0.000000	1.708543	1.708543	0.000000	0.000000	0	0	0
28	70	0	0	0.000000	1.928571	1.928571	0.000000	0.000000	0	0	0
29	70	0	0	0.000000	1.157143	1.157143	0.000000	0.000000	0	0	0
30	70	0	0	0.000000	2.157143	2.157143	0.000000	0.000000	0	0	0
31	105	0	0	0.000000	3.047619	3.047619	0.000000	0.000000	0	0	0
32	126	0	0	0.000000	2.650794	2.650794	0.000000	0.000000	0	0	0
33	108	0	0	0.000000	1.879630	1.879630	0.000000	0.000000	0	0	0
34	105	0	0	0.000000	1.333333	1.333333	0.000000	0.000000	0	0	0
35	110	0	0	0.000000	1.236364	1.236364	0.000000	0.000000	0	0	0
36	149	0	0	0.000000	1.879195	1.879195	0.000000	0.000000	0	0	0
37	260	0	0	0.000000	1.823077	1.823077	0.000000	0.000000	0	0	0
38	70	0	0	0.000000	1.385714	1.385714	0.000000	0.000000	0	0	0
39	331	0	0	0.000000	1.791541	1.791541	0.000000	0.000000	0	0	0
40	74	0	0	0.000000	2.554054	2.554054	0.000000	0.000000	0	0	0
41	109	0	0	0.000000	1.321101	1.321101	0.000000	0.000000	0	0	0
42	70	0	0	0.000000	2.271429	2.271429	0.000000	0.000000	0	0	0
43	113	0	0	0.000000	1.221239	1.221239	0.000000	0.000000	0	0	0
44	100	0	0	0.000000	1.630000	1.630000	0.000000	0.000000	0	0	0
45	70	0	0	0.000000	1.200000	1.200000	0.000000	0.000000	0	0	0
46	125	0	0	0.000000	1.568000	1.568000	0.000000	0.000000	0	0	0
47	120	0	0	0.000000	2.158333	2.158333	0.000000	0.000000	0	0	0
48	70	0	0	0.000000	2.042857	2.042857	0.000000	0.000000	0	0	0
49	140	0	0	0.000000	2.142857	2.142857	0.000000	0.000000	0	0	0
50	193	0	0	0.000000	2.150259	2.150259	0.000000	0.000000	0	0	0
51	66	0	0	0.000000	1.681818	1.681818	0.000000	0.000000	0	0	0
52	118	0	0	0.000000	1.008475	1.008475	0.000000	0.000000	0	0	0
53	101	0	0	0.000000	1.247525	1.247525	0.000000	0.000000	0	0	0
54	91	0	0	0.000000	1.318681	1.318681	0.000000	0.000000	0	0	0
55	63	0	0	0.000000	2.000000	2.000000	0.000000	0.000000	0	0	0
56	70	0	0	0.000000	2.442857	2.442857	0.000000	0.000000	0	0	0
57	85	1	1	0.000000	1.694118	1.694118	0.000000	0.000000	0	0	0
58	83	0	0	0.000000	2.216867	2.216867	0.000000	0.000000	0	0	0
59	73	0	0	0.000000	1.917808	1.917808	0.000000	0.000000	0	0	0
60	73	0	0	0.000000	1.260274	1.260274	0.000000	0.000000	0	0	0
61	169	0	0	0.000000	1.301775	1.301775	0.000000	0.000000	0	0	0
62	70	0	0	0.000000	1.385714	1.385714	0.000000	0.000000	0	0	0
63	70	0	0	0.000000	2.628571	2.628571	0.000000	0.000000	0	0	0
64	94	0	0	0.000000	2.053191	2.053191	0.000000	0.000000	0	0	0
65	137	0	0	0.000000	1.503650	1.503650	0.000000	0.000000	0	0	0
66	70	0	0	0.000000	1.014286	1.014286	0.000000	0.000000	0	0	0
67	104	0	0	0.000000	1.692308	1.692308	0.000000	0.000000	0	0	0
68	93	0	0	0.000000	2.010753	2.010753	0.000000	0.000000	0	0	0
69	119	0	0	0.000000	1.403361	1.403361	0.000000	0.000000	0	0	0
70	144	0	0	0.000000	1.916667	1.916667	0.000000	0.000000	0	0	0
71	70	0	0	0.000000	1.428571	1.428571	0.000000	0.000000	0	0	0
72	70	0	0	0.000000	1.828571	1.828571	0.000000	0.000000	0	0	0
73	161	0	0	0.000000	1.621118	1.621118	0.000000	0.000000	0	0	0
74	198	0	0	0.000000	1.409091	1.409091	0.000000	0.000000	0	0	0
75	221	0	0	0.000000	1.552036	1.552036	0.000000	0.000000	0	0	0
76	239	0	0	0.000000	1.464435	1.464435	0.000000	0.000000	0	0	0
77	125	0	0	0.000000	1.080000	1.080000	0.000000	0.000000	0	0	0
78	71	0	0	0.000000	3.394366	3.394366	0.000000	0.000000	0	0	0
79	84	0	0	0.000000	1.892857	1.892857	0.000000	0.000000	0	0	0
80	68	0	0	0.000000	2.397059	2.397059	0.000000	0.000000	0	0	0
81	70	0	0	0.000000	1.471429	1.471429	0.000000	0.000000	0	0	0
82	86	0	0	0.000000	2.267442	2.267442	0.000000	0.000000	0	0	0
83	66	0	0	0.000000	1.727273	1.727273	0.000000	0.000000	0	0	0
84	86	0	0	0.000000	2.337209	2.337209	0.000000	0.000000	0	0	0
85	70	0	0	0.000000	1.914286	1.914286	0.000000	0.000000	0	0	0
86	141	0	0	0.000000	1.858156	1.858156	0.000000	0.000000	0	0	0
87	70	0	0	0.000000	2.314286	2.314286	0.000000	0.000000	0	0	0
88	65	0	0	0.000000	1.369231	1.369231	0.000000	0.000000	0	0	0
89	114	0	0	0.000000	1.219298	1.219298	0.000000	0.000000	0	0	0
90	73	0	0	0.000000	1.383562	1.383562	0.000000	0.000000	0	0	0
91	128	0	0	0.000000	2.648438	2.648438	0.000000	0.000000	0	0	0
92	105	0	0	0.000000	1.552381	1.552381	0.000000	0.000000	0	0	0
93	126	0	0	0.000000	1.492063	1.492063	0.000000	0.000000	0	0	0
94	106	0	0	0.000000	1.141509	1.141509	0.000000	0.000000	0	0	0
95	70	0	0	0.000000	1.171429	1.171429	0.000000	0.000000	0	0	0
96	173	0	0	0.000000	1.208092	1.208092	0.000000	0.000000	0	0	0
97	69	0	0	0.000000	1.753623	1.753623	0.000000	0.000000	0	0	0
98	64	0	0	0.000000	1.218750	1.218750	0.000000	0.000000	0	0	0
99	70	0	0	0.000000	1.957143	1.957143	0.000000	0.000000	0	0	0
100	118	0	0	0.000000	1.686441	1.686441	0.000000	0.000000	0	0	0
101	64	0	0	0.000000	1.750000	1.750000	0.000000	0.000000	0	0	0
102	111	0	0	0.000000	1.036036	1.036036	0.000000	0.000000	0	0	0
103	84	0	0	0.000000	1.035714	1.035714	0.000000	0.000000	0	0	0
104	68	0	0	0.000000	1.779412	1.779412	0.000000	0.000000	0	0	0
105	192	0	0	0.000000	1.546875	1.546875	0.000000	0.000000	0	0	0
106	70	0	0	0.000000	2.128571	2.128571	0.000000	0.000000	0	0	0
107	83	0	0	0.000000	2.457831	2.457831	0.000000	0.000000	0	0	0
108	70	0	0	0.000000	1.800000	1.800000	0.000000	0.000000	0	0	0
109	156	0	0	0.000000	1.653846	1.653846	0.000000	0.000000	0	0	0
110	70	0	0	0.000000	2.057143	2.057143	0.000000	0.000000	0	0	0
111	108	0	0	0.000000	2.583333	2.583333	0.000000	0.000000	0	0	0
112	70	0	0	0.000000	1.971429	1.971429	0.000000	0.000000	0	0	0
113	87	0	0	0.000000	1.551724	1.551724	0.000000	0.000000	0	0	0
114	70	0	0	0.000000	1.485714	1.485714	0.000000	0.000000	0	0	0
115	69	0	0	0.000000	1.927536	1.927536	0.000000	0.000000	0	0	0
116	70	0	0	0.000000	1.771429	1.771429	0.000000	0.000000	0	0	0
117	68	0	0	0.000000	1.941176	1.941176	0.000000	0.000000	0	0	0
118	114	0	0	0.000000	1.157895	1.157895	0.000000	0.000000	0	0	0
119	96	0	0	0.000000	2.541667	2.541667	0.000000	0.000000	0	0	0
120	84	0	0	0.000000	2.059524	2.059524	0.000000	0.000000	0	0	0
121	70	0	0	0.000000	1.757143	1.757143	0.000000	0.000000	0	0	0
122	70	0	0	0.000000	1.771429	1.771429	0.000000	0.000000	0	0	0
123	109	0	0	0.000000	1.871560	1.871560	0.000000	0.000000	0	0	0
124	111	0	0	0.000000	1.099099	1.099099	0.000000	0.000000	0	0	0
125	70	0	0	0.000000	1.385714	1.385714	0.000000	0.000000	0	0	0
126	68	0	0	0.000000	1.588235	1.588235	0.000000	0.000000	0	0	0
127	70	0	0	0.000000	1.685714	1.685714	0.000000	0.000000	0	0	0
128	70	0	0	0.000000	1.442857	1.442857	0.000000	0.000000	0	0	0
129	82	0	0	0.000000	1.524390	1.524390	0.000000	0.000000	0	0	0
130	158	0	0	0.000000	2.841772	2.841772	0.000000	0.000000	0	0	0
131	85	0	0	0.000000	2.470588	2.470588	0.000000	0.000000	0	0	0
132	93	0	0	0.000000	1.505376	1.505376	0.000000	0.000000	0	0	0
133	70	0	0	0.000000	2.485714	2.485714	0.000000	0.000000	0	0	0
134	137	0	0	0.000000	1.927007	1.927007	0.000000	0.000000	0	0	0
135	113	0	0	0.000000	1.637168	1.637168	0.000000	0.000000	0	0	0
136	70	0	0	0.000000	1.585714	1.585714	0.000000	0.000000	0	0	0
137	70	0	0	0.000000	1.585714	1.585714	0.000000	0.000000	0	0	0
138	135	0	0	0.000000	1.311111	1.311111	0.000000	0.000000	0	0	0
139	109	0	0	0.000000	1.284404	1.284404	0.000000	0.000000	0	0	0
140	235	0	0	0.000000	1.408511	1.408511	0.000000	0.000000	0	0	0
141	70	0	0	0.000000	1.742857	1.742857	0.000000	0.000000	0	0	0
142	67	0	0	0.000000	2.119403	2.119403	0.000000	0.000000	0	0	0
143	70	0	0	0.000000	1.742857	1.742857	0.000000	0.000000	0	0	0
144	90	0	0	0.000000	1.455556	1.455556	0.000000	0.000000	0	0	0
145	92	0	0	0.000000	2.119565	2.119565	0.000000	0.000000	0	0	0
146	118	0	0	0.000000	1.406780	1.406780	0.000000	0.000000	0	0	0
147	111	0	0	0.000000	1.306306	1.306306	0.000000	0.000000	0	0	0
148	70	0	0	0.000000	1.985714	1.985714	0.000000	0.000000	0	0	0
149	137	0	0	0.000000	1.540146	1.540146	0.000000	0.000000	0	0	0
150	139	0	0	0.000000	1.007194	1.007194	0.000000	0.000000	0	0	0
151	137	0	0	0.000000	1.715328	1.715328	0.000000	0.000000	0	0	0
152	62	0	0	0.000000	1.854839	1.854839	0.000000	0.000000	0	0	0
153	70	0	0	0.000000	1.885714	1.885714	0.000000	0.000000	0	0	0
154	151	0	0	0.000000	1.927152	1.927152	0.000000	0.000000	0	0	0
155	112	0	0	0.000000	1.875000	1.875000	0.000000	0.000000	0	0	0
156	72	0	0	0.000000	2.083333	2.083333	0.000000	0.000000	0	0	0
157	70	0	0	0.000000	1.728571	1.728571	0.000000	0.000000	0	0	0
158	70	0	0	0.000000	1.428571	1.428571	0.000000	0.000000	0	0	0
159	70	0	0	0.000000	1.671429	1.671429	0.000000	0.000000	0	0	0
160	174	0	0	0.000000	1.201149	1.201149	0.000000	0.000000	0	0	0
161	124	0	0	0.000000	1.129032	1.129032	0.000000	0.000000	0	0	0
162	69	0	0	0.000000	1.681159	1.681159	0.000000	0.000000	0	0	0
163	90	0	0	0.000000	1.911111	1.911111	0.000000	0.000000	0	0	0
164	73	0	0	0.000000	1.835616	1.835616	0.000000	0.000000	0	0	0
165	69	0	0	0.000000	1.753623	1.753623	0.000000	0.000000	0	0	0
166	71	0	0	0.000000	1.887324	1.887324	0.000000	0.000000	0	0	0
167	145	0	0	0.000000	1.406897	1.406897	0.000000	0.000000	0	0	0
168	71	0	0	0.000000	1.422535	1.422535	0.000000	0.000000	0	0	0
169	125	0	0	0.000000	1.416000	1.416000	0.000000	0.000000	0	0	0
170	70	0	0	0.000000	1.071429	1.071429	0.000000	0.000000	0	0	0
171	130	0	0	0.000000	1.615385	1.615385	0.000000	0.000000	0	0	0
172	70	0	0	0.000000	1.214286	1.214286	0.000000	0.000000	0	0	0
173	88	0	0	0.000000	1.579545	1.579545	0.000000	0.000000	0	0	0
174	63	0	0	0.000000	1.301587	1.301587	0.000000	0.000000	0	0	0
175	68	0	0	0.000000	1.735294	1.735294	0.000000	0.000000	0	0	0
176	70	0	0	0.000000	1.442857	1.442857	0.000000	0.000000	0	0	0
177	108	0	0	0.000000	1.490741	1.490741	0.000000	0.000000	0	0	0
178	93	0	0	0.000000	1.505376	1.505376	0.000000	0.000000	0	0	0
179	70	0	0	0.000000	1.571429	1.571429	0.000000	0.000000	0	0	0
180	118	0	0	0.000000	1.186441	1.186441	0.000000	0.000000	0	0	0
181	75	0	0	0.000000	1.600000	1.600000	0.000000	0.000000	0	0	0
