251
251
251
417320
667561
556319
476861
417253
370899
333815
303478
278197
256808
238475
222615
208738
196473
185571
175824
167051
159102
151875
145295
139262
133696
128558
123806
119393
115297
111474
107885
104520
101357
98380.3
95580.7
92936.7
90451.2
88096.4
85845.2
83706.5
81672.9
79736
77891.2
76130.3
74443.6
72830.2
71280.7
69799.5
68378.7
67014.8
65706.5
64448.5
63237.9
75204.8
86736.5
85188.7
83695.2
82252.3
80862.6
79519.2
78219.3
76961.3
75741.6
74560
73414.7
72304.2
71230.5
70188.4
69174.7
68190
67237.2
66310.9
65410.1
64533.6
63679.6
62848
62042
61256.6
60482.8
59728.4
58994.9
58279.3
57580.6
56898.4
56235.8
55588.6
54951.3
54328.5
53722.3
53129.5
52551.8
51986.6
51430.5
50886.3
50350.7
49831.3
49322.7
48819.9
48330.7
47852.3
