   1 211000022278089
   1 211000022278114
   1 211000022278217
   1 211000022278258
   1 211000022278273
   1 211000022278282
   1 211000022278305
   1 211000022278312
   1 211000022278354
   1 211000022278362
   1 211000022278413
   1 211000022278520
   1 211000022278536
   1 211000022278549
   1 211000022278727
   1 211000022278974
   1 211000022278978
   1 211000022278992
   1 211000022279001
   1 211000022279058
   1 211000022279098
   1 211000022279147
   1 211000022279177
   1 211000022279224
   1 211000022279239
   1 211000022279264
   1 211000022279344
   1 211000022279384
   1 211000022279412
   1 211000022279420
   1 211000022279423
   1 211000022279424
   1 211000022279441
   1 211000022279453
   1 211000022279458
   1 211000022279468
   1 211000022279476
   1 211000022279490
   1 211000022279496
   1 211000022279550
   1 211000022279582
   1 211000022279613
   1 211000022279659
   1 211000022279664
   1 211000022279670
   1 211000022279709
   1 211000022279735
   1 211000022279761
   1 211000022279804
   1 211000022279813
   1 211000022279829
   1 211000022279855
   1 211000022279926
   1 211000022279928
   1 211000022279934
   1 211000022279948
   1 211000022279965
   1 211000022279973
   1 211000022279980
   1 211000022279984
   1 211000022279991
   1 211000022280087
   1 211000022280135
   1 211000022280156
   1 211000022280180
   1 211000022280270
   1 211000022280476
   1 211000022280511
   1 211000022280542
   1 211000022280561
   1 211000022280598
   1 211000022280655
   1 211000022280671
   1 211000022280684
   1 211000022280742
   1 211000022280750
   1 Unmapped_Scaffold_29
   1 Unmapped_Scaffold_35
   1 Unmapped_Scaffold_48
   1 Unmapped_Scaffold_52
   1 Y_mapped_Scaffold_12
   1 Y_mapped_Scaffold_23
   1 Y_mapped_Scaffold_26
   1 Y_mapped_Scaffold_9
   2 211000022278100
   2 211000022278134
   2 211000022278390
   2 211000022278678
   2 211000022278684
   2 211000022278710
   2 211000022278716
   2 211000022278880
   2 211000022278903
   2 211000022279215
   2 211000022279399
   2 211000022279754
   2 211000022279755
   2 211000022279931
   2 211000022279941
   2 211000022279945
   2 211000022280012
   2 211000022280091
   2 211000022280168
   2 211000022280205
   2 211000022280236
   2 211000022280328
   2 211000022280437
   2 211000022280461
   2 211000022280519
   2 211000022280628
   2 211000022280686
   2 211000022280687
   2 Y_mapped_Scaffold_20
   2 Y_mapped_Scaffold_21
   3 211000022279087
   3 211000022279284
   3 211000022279477
   3 211000022279532
   3 211000022279762
   3 211000022279867
   3 211000022279994
   3 211000022280141
   3 211000022280517
   3 211000022280535
   3 Unmapped_Scaffold_22
   3 Unmapped_Scaffold_37
   3 Y_mapped_Scaffold_30
   4 211000022278158
   4 211000022278440
   4 211000022279056
   4 211000022279511
   4 211000022280130
   4 Y_mapped_Scaffold_5
   5 211000022278415
   5 211000022278928
   5 2R2_mapped_Scaffold_56
   5 Unmapped_Scaffold_8
   6 Unmapped_Scaffold_45
   7 211000022278877
   7 211000022279108
   7 211000022279446
   8 211000022279856
   9 211000022278254
   9 211000022280570
  10 211000022278446
  10 3Cen_mapped_Scaffold_1
  11 211000022280160
  11 211000022280645
  11 X3X4_mapped_Scaffold_14
  13 211000022278724
  14 211000022278881
  19 211000022279810
  20 211000022278426
  20 Unmapped_Scaffold_4
  21 211000022279009
  22 211000022279168
  26 211000022279555
  32 211000022280595
  33 211000022279722
  36 211000022280218
  38 Y_mapped_Scaffold_18
  44 211000022280537
  45 211000022278750
  45 211000022279529
  46 211000022280304
  57 211000022279608
  58 211000022279134
  68 211000022279189
 107 211000022278202
 123 211000022279222
 133 211000022279540
 151 Unmapped_Scaffold_58
 154 211000022279343
 172 211000022280508
 187 211000022279467
 213 211000022278498
 222 211000022278882
 226 211000022279055
 226 211000022279708
 227 211000022278876
 227 211000022279531
 233 211000022279132
 273 211000022278704
 341 211000022279109
 360 211000022280043
 368 211000022278878
 424 211000022278554
 592 211000022278339
 601 211000022279676
 704 211000022279100
 782 211000022278879
1282340 X
1289905 2L
1347499 3L
1539805 2R
1698244 *
1777278 3R
18377 dmel_mitochondrion_genome
4539 rDNA
4726 Y
98923 4
